Model: bart-paraphrase
--------------------
BLEU: 56.39031653179327
STA: 0.920932589964521
SIM: 0.873011589050293
FL: 0.7551951343132286
J: 0.6071654269751451
