BLEU: 56.58008069296675
STA: 0.9260010136847441
SIM: 0.8672529458999634
FL: 0.7627977698935631
J: 0.6125854262908221
