Model: prophetnet-large-uncased
--------------------
BLEU: 54.42477618826089
STA: 0.9285352255448556
SIM: 0.8661404252052307
FL: 0.7394830207805373
J: 0.5947232260057043
