Model: blenderbot
--------------------
BLEU: 9.203042707200645
STA: 0.9488089204257476
SIM: 0.7179017066955566
FL: 0.6360871768879879
J: 0.4332717622116189
