Model: pure-t5-base
--------------------
BLEU: 57.06463319638356
STA: 0.9396857577293461
SIM: 0.8648953437805176
FL: 0.7506335529650279
J: 0.6100622847554008
