BLEU: 58.24639678557056
STA: 0.9087683730359858
SIM: 0.8823773860931396
FL: 0.7328940699442473
J: 0.5876906500866588
