Model: distilbart
--------------------
BLEU: 11.97816458148338
STA: 0.9052204764318297
SIM: 0.7133263945579529
FL: 0.3816523061327927
J: 0.24643963356617413
