Model: flan-t5-base
--------------------
BLEU: 57.79747010902569
STA: 0.9310694374049671
SIM: 0.8732696175575256
FL: 0.742524075012671
J: 0.603727503537724
