Model: mvp
--------------------
BLEU: 58.12401729598878
STA: 0.9249873289406995
SIM: 0.8699274063110352
FL: 0.7450582868727825
J: 0.5995274136167531
