Model: t5-small
--------------------
BLEU: 58.275875731474
STA: 0.9113025848960973
SIM: 0.8742053508758545
FL: 0.7161682716675114
J: 0.5705466229722318
